$ANSIBLE_VAULT;1.1;AES256
34666436343262623638353131393331343037396335383763626534646132343364656363333030
3537656462333837346634376532646363373537343435300a646631323565616335653964623731
35316564316163313266366133633339616463333035303934376431353033343365333063373339
6531373332313339640a666464316337346534363137333338303736383263303339353862636431
31623830343733363262666164306535313366626232663534393030333030333837643163643530
34373264363135363031323261393635366433323238333638386636353064353533643237366537
33623436336562616536623339373436613037343465363965653437343734323135316336633534
30653931303764343262313036623830316139383965636465363133393730396132333166323362
30346135373561353939656261633436386231646361613765376239643862313034643831663562
39623465633135653431623434376161343234363432623839316666353730653534643432613131
33643263653333303631666435383431373065636363386263366332633138333636356662383361
65373862346339316464343633626433653735613566616532613464363632303735653861653765
38643036306132363935376136346661653138396365396532656663383266363736643061643233
65646136313566333135373366363438653561383134373239323938633761656434383866343239
36633036383539613664666532636237313937643933303237373335636339656464396134316533
34323162663962353735306639313466343433633139633465653761336634623531383431346361
38316332663031643661393239376263626363303132623439613332393865656534363534646536
36653562356461656635643064356239376533663134363732313339633936616535343939346463
33373462646563393533306231356665633338346132306635313239333762653663313066346664
62613636613832616263306436393465613536636538643061626161396665313638333161383231
64643936633734626637353831633035633231373462363263303134393331636561663534633735
35633365313837613563393861636636326439616531646261303238376333373362363164333365
33623663303535626234376338623562343937333339633832356664623834386239373134333965
30363064353931396135323434363437623835343064396637646337666136336533393563666438
38393865363534376262383062313534333331646266616631663731643761323234666239313762
31353665333130383062623532643061336166393433623163343062393661666537616339663237
65336638393134323532306461653836323036636564356633646336383565343637353333313931
30633933626638356662313738663861353936356139393366346432323364306332323332383166
33343036313564633436343137326333623636643262653966626132663434623734633536653836
36353065386363623134633335356539653330336363306136363834653435663636303238643164
64303035333764323734626236623361373230393363613132626332656631363637386235376133
32393435613333353334663463653937383237366161393465323537363434616465373737353861
32656635343362623562383831393563363631623630623861386230386133303238356338383035
31636132643863663432383132626439356464323561346262363531346634633333323232373938
66393331313636383564663062306165623036366261653036343938373766396133376331653933
36663465623564653834393039363163373164626462306465303637633637653165393937336437
37396163346639333764646138323033323762633465303264376666396532373432633736633630
38376335646438303661333835323832653962656131316135303961383165343033393664326534
65663638646666653464663632363430303163336135633161376139393566326165336465643064
64343533636133663735356538393830663635336563323865636134633764653562316265623066
66653566643036323534326436346237333431356235316336313461353262613063336261653665
32376362333430343263623537373862316138666534303132643439616564616262626562636132
62643833343637373835633435303139373465306534393364366131313232373835613665366533
35343361333563343735656261383264333039383262636332363839303865663763313931353733
38633964663464356338653933323766333666346634633066326262623531306235633532623337
37343666643766363339366663316334646139656536353763643636306530636432643937393634
36393962376533663262653439333532633366666339333832316363323762626632333636643662
30323733356562303631616265643730356435396638653961666130313662623162363336653735
61356636303937616130393335326132396637303331346363326666303564633035366132346162
30316164313261363764383132663032376165386663383133646162346266373565636532336661
30383465366637383730333135663765636136346265646530306561393135373662383862303937
37323131376536393432366532316362323738376534376562616534323131656664613065393031
66323131653133396662666430353931363033616562303238356463373966656439313332323537
35346637313366363132623133636235613062316365323863326266393361346435616430343132
35623631323939643063666238363665633130663661356133386232656531623936356461623261
33646130316132666134343865346333626532386339356464366162326562383863373035363530
33393662663665633665326236636562616462633532663637323735353161326336386532306437
62633361353231306639643763386435353963366338316533313262323333356465393238653763
30336137636637396361636438616234646538643861326639623438623838623861366134346432
62643765333832306538343736366330626461636430633737393862323037653561663535376236
64343732383564353132336338373765383632613563333531363866346266363535306232363463
32356636333066646339623237333935343732356530386262383662396330636431356562333462
34636362316134613537383835313335633665666533633033663231323933336134323466373763
35346432393861343263366431303130386562323230656334343032643138643639613065613562
32623661633530346466663266353432666261623066663565386335323566386366646232653763
39326132346535613734626430313537383435653631663930666663393239323765663236616266
37383739366265313532326164356233626561356466383735613138616137623930373465333064
33613037663430393663323362353839316330653865656161626136353839306639333362653734
34653332633335656164313462393766383165393036353261653034346432356239386231623339
66633965626535333035336530326165636232653034313264623064373831333532633362616530
34323062316535383033663333343732313238383331346435316634356438353962653339323233
66666430346166663030396530626534633762316161613766306365643565373436383938333561
31623330626461316530353266656266663163616233306136363635306430613732396530643034
64346633346365633732343738356633373237333734613735653834616337353762313433613065
64646531383063366630646538303564376561666365383939636131383138646439343839653866
32346361393165343433623633383937343337366364333466363737366662646538323565323632
31616333313334333731383430643865306233616433353539303530343665626530363837333339
34316466643466333833666365356566373336313235663834623337616463626363663534353063
30613030386233613163636132633662383164363535356136623934316538663733313237663235
66313161323430623266663735316434386137313565616134643030666535396261396335623732
65653766653964373236626461393630323764366531393461353163303134393365366162383234
38626432333863383034376263653533663835666237386666323665363235336130303831336538
64613631373932323365383735636564643137623162663138383133303037366133323035623335
38386537326334623932656464383361343331393039656634313261386237306432663236346161
30636463393037643466396631373364326365376461383532306634633830326132396539383865
39666138633435393636626434396530613661643431316235373531386230353533306366353762
34366533313439663931663437343730316237626138663236396366313631336533653130343438
65326438306332663839386338666134396464653131616238373134313765656465386330636139
30646266383166303563386137393537336262343836383531363236393338623662323835663436
39376439613434383336336234353661633433323736396164333739336132333862623232333434
62666137663333636337323765353565633330356235396636393930343138346130663461353663
32353239336132386164623562313233646530393563336663393566303931333264363266373165
31323632383765313338613734373732393838373362366363636630353063613733386237653838
62376263633566353030613936666532383662346435333030373836633535663133306633636239
38633931653030356136623062633437393237356339633930653536333938343063353735306139
32616163343161303537663533643633303532313564636563326465653866663466353236393237
33353839633036643035336536303839383135396261343032653233346336646265383033666631
61323461343436333131333164343762373830313232353333373636633864303762313230616335
32376134313065356638396135643939663166623839393465306332616339623538666362303930
66356632323566376133653164383034623566346135616338333938343230666564383161636139
38613031623130626336373537663339333066653163313539653737333839346335396665393531
38393862343936633738356133316137316666393866633161666634326165666433623631346530
61373535386133316432616361626639323137353136303139653561353834636534613438306263
33613661663333393861623835613630633330316661613734343934363063383831623938656231
66336234366461386562633066303333626233636462393633346566613465626663626633386362
36613134643635336639376662653535386535396533363630623639323337643066393963376638
38663331316433373939326538383436393361353964353266363234396266353333353331613763
63396431326637343136636634633732353233663236656233396130383739303135663835323039
61386263626135656631383831363936633261633932343966643133643234363738323937353064
31343766333539303065663330363463313063366130343438346331646362643164373666313036
30613438633137646264663136363461333734643562646264316665636531383066383036633237
31323362636433386265313338663430376462396562643865636164366133653535653738633630
33643733383762356536343434393734653933646535393838366362303764366338653462396630
62373532623035656432656334333038373763636566663564393565626564396537366337353466
31313933396536316433326531386566626664396630353638373432626564613037663264343033
63326539336166313263373536636631393662326236383332643765396463633931306338316266
64343664306134633632316534636634356636353966633262316131613938333634383439316237
62373632383666663631386637653039313631653538326666323962313866636433333730666436
34366430396236343262306539323339303936316133633861386363613262626331656265633662
38643036333266396637386664336331333339366162643461393465353730353633383065373261
38656361316637343263343163333038353733323037346638616162346135613031373563373734
38363762653164366231383036653736386335326132336463353863623163343035623430656564
62633965363035326261376330623866323063336331393731353935306630623039623737316530
36346632383034623130613431613965313938613162373938643832636366373538343030643536
30643234326436313933636431373831353636646163333431343462643666386539356563306234
65633136646337353866326633656339303135333661643662663463633065333261643630386666
34633866383065623262666463623338363136646161653066316434663165333430386461633838
38383062313232356263343731646662626535633264373139653237383135346134666438323130
35386164636534613936623364373466623036343034383662626437663662393966353033363764
31393766633331616133653364633831313333643162353533353035386665616166383538376131
64316161373365656136366361356365383530646530376131633931656437303361613162306563
31353530613863666165306636383966313839373666663232373633316130303066356634653939
30643730613632343632383864393030323431663335653038386461656531666635353234643331
38633937383261316139363832376538386339643233333563323637326265303430333766616331
636632383036653264326335616238353639
